325 14 110 150
471 12 110 150
623 13 110 150
769 14 110 150
917 14 110 150
1078 19 110 150
1225 22 110 150
1373 19 110 150
1521 17 110 150
1669 16 110 150
1819 14 110 150
323 213 110 150
470 214 110 150
619 214 110 150
762 213 110 150
909 214 110 150
1074 211 110 150
1224 215 110 150
1365 216 110 150
1526 212 110 150
1665 210 110 150
1821 206 110 150
323 412 110 150
470 410 110 150
619 412 110 150
763 411 110 150
915 411 110 150
1074 405 110 150
1229 408 110 150
1370 407 110 150
1521 409 110 150
1668 408 110 150
1821 406 110 150
321 609 110 150
467 606 110 150
616 607 110 150
763 609 110 150
907 608 110 150
1071 601 110 150
1222 606 110 150
1368 603 110 150
1521 603 110 150
1662 604 110 150
1814 601 110 150
